=== TEST MyArrayVector ===
Kích thước ban đầu (random): 10
Vector gốc: [9.350414073330416 5.283417865001397 5.9379467283417044 6.886128494446709 2.2915069203119067 7.186270631841709 1.3063762559316727 8.609062154511903 7.510290194992595 7.300194090814105]
Sau insert(5.5) vào cuối: [9.350414073330416 5.283417865001397 5.9379467283417044 6.886128494446709 2.2915069203119067 7.186270631841709 1.3063762559316727 8.609062154511903 7.510290194992595 7.300194090814105 5.5]
Sau insert(9.9, 1): [9.350414073330416 9.9 5.283417865001397 5.9379467283417044 6.886128494446709 2.2915069203119067 7.186270631841709 1.3063762559316727 8.609062154511903 7.510290194992595 7.300194090814105 5.5]
Sau remove(2): [9.350414073330416 9.9 5.9379467283417044 6.886128494446709 2.2915069203119067 7.186270631841709 1.3063762559316727 8.609062154511903 7.510290194992595 7.300194090814105 5.5]
Sau set(7.7, 0): [7.7 9.9 5.9379467283417044 6.886128494446709 2.2915069203119067 7.186270631841709 1.3063762559316727 8.609062154511903 7.510290194992595 7.300194090814105 5.5]
Extract(indices={0,2}): [7.7 5.9379467283417044]
arrVec.add(1.1): [8.8 11.0 7.037946728341705 7.986128494446708 3.391506920311907 8.28627063184171 2.406376255931673 9.709062154511903 8.610290194992595 8.400194090814106 6.6]
Xác nhận arrVec không đổi: [7.7 9.9 5.9379467283417044 6.886128494446709 2.2915069203119067 7.186270631841709 1.3063762559316727 8.609062154511903 7.510290194992595 7.300194090814105 5.5]
otherArr: [0.8203059499279042 2.9031419038077066 3.8933519422950824 4.5970809704220015 4.852368234456015 3.9507900931774955 3.030735191334074 1.7477131984321381 4.434223850415779 4.5232773194350075 2.443348741084892]
arrVec.add(otherArr): [8.520305949927904 12.803141903807706 9.831298670636787 11.483209464868711 7.143875154767922 11.137060725019204 4.337111447265746 10.356775352944041 11.944514045408374 11.823471410249113 7.9433487410848915]
arrVec.addTo(2.2): [9.9 12.100000000000001 8.137946728341705 9.086128494446708 4.491506920311907 9.38627063184171 3.5063762559316727 10.809062154511903 9.710290194992595 9.500194090814105 7.7]
arrVec.addTo(otherArr): [10.720305949927905 15.003141903807709 12.031298670636787 13.68320946486871 9.343875154767922 13.337060725019205 6.5371114472657466 12.55677535294404 14.144514045408375 14.023471410249112 10.143348741084893]
arrVec.minus(3.3): [7.420305949927905 11.703141903807708 8.731298670636786 10.38320946486871 6.043875154767922 10.037060725019206 3.2371114472657467 9.25677535294404 10.844514045408374 10.723471410249111 6.843348741084893]
arrVec.minus(otherArr): [9.9 12.100000000000001 8.137946728341705 9.086128494446708 4.491506920311907 9.38627063184171 3.5063762559316727 10.809062154511903 9.710290194992595 9.500194090814105 7.700000000000001]
arrVec.minusFrom(1.0): [9.720305949927905 14.003141903807709 11.031298670636787 12.68320946486871 8.343875154767922 12.337060725019205 5.5371114472657466 11.55677535294404 13.144514045408375 13.023471410249112 9.143348741084893]
arrVec.minusFrom(otherArr): [8.9 11.100000000000001 7.137946728341705 8.086128494446708 3.491506920311907 8.38627063184171 2.5063762559316727 9.809062154511903 8.710290194992595 8.500194090814105 6.700000000000001]
arrVec.dot(otherArr): 272.7453348200909
arrVec.pow(2.0): [79.21000000000001 123.21000000000004 50.95028349664405 65.38547402870299 12.190620574585937 70.32953511049074 6.28192193629807 96.2177003510777 75.86915528098415 72.25329958151103 44.890000000000015]
arrVec.scale(0.5): [39.605000000000004 61.60500000000002 25.475141748322024 32.69273701435149 6.0953102872929685 35.16476755524537 3.140960968149035 48.10885017553885 37.93457764049207 36.126649790755515 22.445000000000007]
arrVec.norm(): 118.01489637830372

=== TEST MyListVector ===
Kích thước ban đầu (random): 6
Vector gốc: [0.1273280977250213 8.200224424859353 0.10977415986151762 6.42970340631773 8.635685890372763 6.113672683312377]
Sau insert(4.4) vào cuối: [0.1273280977250213 8.200224424859353 0.10977415986151762 6.42970340631773 8.635685890372763 6.113672683312377 4.4]
Sau insert(8.8, 2): [0.1273280977250213 8.200224424859353 8.8 0.10977415986151762 6.42970340631773 8.635685890372763 6.113672683312377 4.4]
Sau remove(1): [0.1273280977250213 8.8 0.10977415986151762 6.42970340631773 8.635685890372763 6.113672683312377 4.4]
Sau set(6.6, 0): [6.6 8.8 0.10977415986151762 6.42970340631773 8.635685890372763 6.113672683312377 4.4]
Extract(indices={1,3}): [8.8 6.42970340631773]
listVec.add(0.5): [7.1 9.3 0.6097741598615176 6.92970340631773 9.135685890372763 6.613672683312377 4.9]
Xác nhận listVec không đổi: [6.6 8.8 0.10977415986151762 6.42970340631773 8.635685890372763 6.113672683312377 4.4]
otherList: [1.6463493681268297 4.130165658218984 2.5004091829808974 3.6550149192366073 1.519992331720819 0.020666014941890798 3.4386124078405107]
listVec.add(otherList): [8.246349368126829 12.930165658218986 2.610183342842415 10.084718325554338 10.15567822209358 6.134338698254267 7.838612407840511]
listVec.addTo(1.5): [8.1 10.3 1.6097741598615176 7.92970340631773 10.135685890372763 7.613672683312377 5.9]
listVec.addTo(otherList): [9.746349368126829 14.430165658218986 4.110183342842415 11.584718325554338 11.65567822209358 7.634338698254267 9.338612407840511]
listVec.minus(2.5): [7.246349368126829 11.930165658218986 1.610183342842415 9.084718325554338 9.15567822209358 5.134338698254267 6.838612407840511]
listVec.minus(otherList): [8.1 10.3 1.6097741598615176 7.9297034063177305 10.135685890372763 7.613672683312377 5.9]
listVec.minusFrom(1.0): [8.746349368126829 13.430165658218986 3.110183342842415 10.584718325554338 10.65567822209358 6.634338698254267 8.338612407840511]
listVec.minusFrom(otherList): [7.1 9.3 0.6097741598615176 6.9297034063177305 9.135685890372763 6.613672683312377 4.9]
listVec.dot(otherList): 107.82452693526459
listVec.pow(3.0): [357.91099999999994 804.3570000000002 0.22672898797878913 332.76982718302986 762.4712572703394 289.28645026818924 117.64900000000003]
listVec.scale(0.2): [71.58219999999999 160.87140000000005 0.045345797595757825 66.55396543660598 152.4942514540679 57.857290053637854 23.52980000000001]
listVec.norm(): 250.17726773890865
