=== TEST MyArrayList ===
Số lượng phần tử (ngẫu nhiên): 46
Tập dữ liệu gốc (MyArrayList): [12.409455495059548 14.541638706330744 4.485241133484557 16.3956450985662 8.22950119234207 18.266540219640426 5.022656064294759 2.11542905342056 11.451020179929534 14.933210863699133 14.169891558401526 12.920930595251836 17.85185128195242 7.9026425801776785 18.17748678826157 3.451487006931947 12.447418779676754 8.959618066542602 2.971702781773212 9.054379454384424 4.104050074506315 17.621322026037106 14.922018744367087 19.98836278008773 3.2577728021030548 15.537967532103721 9.814073904651414 8.11347485129145 3.573025816115071 10.773725087303324 12.846364718225628 13.913535641879022 10.210692503232751 16.927163880421507 19.913379634111458 5.853008047734954 9.178567709217978 13.94004371416424 4.350908199199012 14.443928826085397 7.0098371046702335 12.051705701366394 9.701120073776602 7.991376631996689 13.756347257448109 4.683457358537956]
Tập dữ liệu đã sắp xếp (tăng dần): [2.11542905342056 2.971702781773212 3.2577728021030548 3.451487006931947 3.573025816115071 4.104050074506315 4.350908199199012 4.485241133484557 4.683457358537956 5.022656064294759 5.853008047734954 7.0098371046702335 7.9026425801776785 7.991376631996689 8.11347485129145 8.22950119234207 8.959618066542602 9.054379454384424 9.178567709217978 9.701120073776602 9.814073904651414 10.210692503232751 10.773725087303324 11.451020179929534 12.051705701366394 12.409455495059548 12.447418779676754 12.846364718225628 12.920930595251836 13.756347257448109 13.913535641879022 13.94004371416424 14.169891558401526 14.443928826085397 14.541638706330744 14.922018744367087 14.933210863699133 15.537967532103721 16.3956450985662 16.927163880421507 17.621322026037106 17.85185128195242 18.17748678826157 18.266540219640426 19.913379634111458 19.98836278008773]
Max = 19.98836278008773
Min = 2.11542905342056
Mean = 10.874673424364255
Variance = 25.764274629560195
Rank (theo thứ tự gốc): [26.0 35.0 8.0 39.0 16.0 44.0 10.0 1.0 24.0 37.0 33.0 29.0 42.0 13.0 43.0 4.0 27.0 17.0 2.0 18.0 6.0 41.0 36.0 46.0 3.0 38.0 21.0 15.0 5.0 23.0 28.0 31.0 22.0 40.0 45.0 11.0 19.0 32.0 7.0 34.0 12.0 25.0 20.0 14.0 30.0 9.0]
Search giá trị "12.409455495059548" trả về index = 25

=== TEST MyLinkedList ===
Số lượng phần tử (ngẫu nhiên): 38
Tập dữ liệu gốc (MyLinkedList): [14.491484784553183 8.158494620726703 3.9966830086670075 6.19442331207011 5.473066373256144 14.273796034672019 1.19019889010064 16.92758500037916 3.983129329811309 7.61451197345031 18.744825850494614 2.546743360781446 1.1421130924415364 12.288206420466716 6.78780524556995 7.786581027961362 12.043366901979395 1.9067867728226102 11.736428461353979 10.715943426160234 3.4408625108387296 17.14810666705873 5.2781880926362525 1.6569564260673009 5.511525457072626 15.185607207736131 16.680298641337288 3.8688967971257795 9.687765501794482 14.193245900047364 2.7361704875127693 1.715296938444269 5.296989663858379 19.46010417298811 19.50701341271597 15.844274458530794 7.454845455044158 10.694965670735519]
Tập dữ liệu đã sắp xếp (tăng dần): [1.1421130924415364 1.19019889010064 1.6569564260673009 1.715296938444269 1.9067867728226102 2.546743360781446 2.7361704875127693 3.4408625108387296 3.8688967971257795 3.983129329811309 3.9966830086670075 5.2781880926362525 5.296989663858379 5.473066373256144 5.511525457072626 6.19442331207011 6.78780524556995 7.454845455044158 7.61451197345031 7.786581027961362 8.158494620726703 9.687765501794482 10.694965670735519 10.715943426160234 11.736428461353979 12.043366901979395 12.288206420466716 14.193245900047364 14.273796034672019 14.491484784553183 15.185607207736131 15.844274458530794 16.680298641337288 16.92758500037916 17.14810666705873 18.744825850494614 19.46010417298811 19.50701341271597]
Max = 19.50701341271597
Min = 1.1421130924415364
Mean = 9.035875982875345
Variance = 33.69262475443856
Rank (theo thứ tự gốc): [30.0 21.0 11.0 16.0 14.0 29.0 2.0 34.0 10.0 19.0 36.0 6.0 1.0 27.0 17.0 20.0 26.0 5.0 25.0 24.0 8.0 35.0 12.0 3.0 15.0 31.0 33.0 9.0 22.0 28.0 7.0 4.0 13.0 37.0 38.0 32.0 18.0 23.0]
Search giá trị "14.491484784553183" trả về index = 29
